0.2502827505712583
0.15121370683670965
0.13029164769029247
0.11948422286335228
0.11359498492753713
0.10881221468778367
0.10602017421441105
0.10316573690111448
0.1013278210070885
0.10022464374393744
0.0986675859160534
0.09752674484391277
0.0963375507286485
0.09555142875796821
0.09530408693409058
0.09458218980400429
0.09363933792427845
0.09347147235153261
0.09281155431005433
0.09255041003342523
0.09201749594345314
0.09202534453204798
0.09188745875538433
0.09153967079791156
0.09089693349265499
0.09145131926241419
0.09076279917699456
0.09042511625319892
0.0898536965250969
0.09027165155749718
0.09002808171614457
0.0898425598814363
