0.46029263515767554
0.31365112797492245
0.21728587388358217
0.1734622910445848
0.15807710069175845
0.15117102019791445
0.14687368146196095
0.14395124621588443
0.14198852676314588
0.1406270676514051
0.13915926523549874
0.13815223427067874
0.13707275496979515
0.13661480085416275
0.1357364227105386
0.1350418854022049
0.13390871970346865
0.1336417342076795
0.13271989413974825
0.13211546924750625
0.13104937918037465
0.13081344880696882
0.13043657805576084
0.1297518521028515
0.1291395786652482
0.12821622024248833
0.1276736979443054
0.12739880128657333
0.12663829717172645
0.1257136462245504
0.12568063086449985
0.12526558423901205
0.12439733872647672
0.12399027691847812
0.1233524553463353
